255 255 255 255 255 255 255 255 255 255 255 255 255 255 255 255 255 255 255 255 255 255 255 255 255 255 255 255 255 255 255 255 255 255 255 255 255 255 255 255 255 255 255 255 255 255 255 255
255 255 255 134 134 134 137 137 137 137 137 137 157 157 157 183 183 183 173 173 173 204 204 204 149 149 149 226 226 226 147 147 147 156 156 156 137 137 137 137 137 137 134 134 134 255 255 255
255 255 255 137 137 137 85 85 85 134 134 134 130 130 130 71 71 71 178 178 178 101 101 101 126 126 126 187 187 187 210 210 210 134 134 134 134 134 134 89 89 89 134 134 134 255 255 255
255 255 255 137 137 137 135 135 135 169 169 169 130 130 130 173 173 173 124 124 124 172 172 172 141 141 141 89 89 89 113 113 113 131 131 131 169 169 169 137 137 137 134 134 134 255 255 255
255 255 255 154 154 154 127 127 127 130 130 130 175 175 175 176 176 176 182 182 182 153 153 153 59 59 59 110 110 110 127 127 127 175 175 175 131 131 131 130 130 130 158 158 158 255 255 255
255 255 255 119 119 119 21 21 21 99 99 99 132 132 132 15 15 15 154 154 154 94 94 94 123 123 123 31 31 31 67 67 67 54 54 54 91 91 91 192 192 192 170 170 170 255 255 255
255 255 255 185 185 185 151 151 151 116 116 116 119 119 119 14 14 14 151 151 151 86 86 86 86 86 86 128 128 128 184 184 184 160 160 160 187 187 187 155 155 155 223 223 223 255 255 255
255 255 255 238 238 238 139 139 139 155 155 155 124 124 124 42 42 42 97 97 97 92 92 92 142 142 142 68 68 68 67 67 67 129 129 129 79 79 79 148 148 148 198 198 198 255 255 255
255 255 255 204 204 204 63 63 63 98 98 98 147 147 147 169 169 169 114 114 114 149 149 149 50 50 50 170 170 170 112 112 112 136 136 136 129 129 129 124 124 124 223 223 223 255 255 255
255 255 255 122 122 122 121 121 121 185 185 185 114 114 114 103 103 103 126 126 126 130 130 130 123 123 123 74 74 74 137 137 137 86 86 86 104 104 104 130 130 130 199 199 199 255 255 255
255 255 255 137 137 137 146 146 146 139 139 139 124 124 124 132 132 132 134 134 134 100 100 100 93 93 93 131 131 131 30 30 30 70 70 70 145 145 145 149 149 149 139 139 139 255 255 255
255 255 255 156 156 156 129 129 129 127 127 127 175 175 175 135 135 135 147 147 147 164 164 164 77 77 77 77 77 77 71 71 71 184 184 184 106 106 106 40 40 40 160 160 160 255 255 255
255 255 255 137 137 137 135 135 135 169 169 169 130 130 130 109 109 109 112 112 112 103 103 103 188 188 188 224 224 224 126 126 126 119 119 119 93 93 93 156 156 156 160 160 160 255 255 255
255 255 255 137 137 137 90 90 90 137 137 137 127 127 127 105 105 105 159 159 159 217 217 217 65 65 65 129 129 129 63 63 63 126 126 126 107 107 107 41 41 41 169 169 169 255 255 255
255 255 255 134 134 134 134 134 134 134 134 134 155 155 155 67 67 67 109 109 109 147 147 147 131 131 131 189 189 189 193 193 193 220 220 220 150 150 150 121 121 121 237 237 237 255 255 255
255 255 255 255 255 255 255 255 255 255 255 255 255 255 255 255 255 255 255 255 255 255 255 255 255 255 255 255 255 255 255 255 255 255 255 255 255 255 255 255 255 255 255 255 255 255 255 255
255 255 255 255 255 255 255 255 255 255 255 255 255 255 255 255 255 255 255 255 255 255 255 255 255 255 255 255 255 255 255 255 255 255 255 255 255 255 255 255 255 255 255 255 255 255 255 255
255 255 255 134 134 134 137 137 137 137 137 137 156 156 156 137 137 137 122 122 122 204 204 204 238 238 238 185 185 185 119 119 119 154 154 154 137 137 137 137 137 137 134 134 134 255 255 255
255 255 255 134 134 134 90 90 90 135 135 135 129 129 129 146 146 146 121 121 121 63 63 63 139 139 139 151 151 151 21 21 21 127 127 127 135 135 135 85 85 85 137 137 137 255 255 255
255 255 255 134 134 134 137 137 137 169 169 169 127 127 127 139 139 139 185 185 185 98 98 98 155 155 155 116 116 116 99 99 99 130 130 130 169 169 169 134 134 134 137 137 137 255 255 255
255 255 255 155 155 155 127 127 127 130 130 130 175 175 175 124 124 124 114 114 114 147 147 147 124 124 124 119 119 119 132 132 132 175 175 175 130 130 130 130 130 130 157 157 157 255 255 255
255 255 255 67 67 67 105 105 105 109 109 109 135 135 135 132 132 132 103 103 103 169 169 169 42 42 42 14 14 14 15 15 15 176 176 176 173 173 173 71 71 71 183 183 183 255 255 255
255 255 255 109 109 109 159 159 159 112 112 112 147 147 147 134 134 134 126 126 126 114 114 114 97 97 97 151 151 151 154 154 154 182 182 182 124 124 124 178 178 178 173 173 173 255 255 255
255 255 255 147 147 147 217 217 217 103 103 103 164 164 164 100 100 100 130 130 130 149 149 149 92 92 92 86 86 86 94 94 94 153 153 153 172 172 172 101 101 101 204 204 204 255 255 255
255 255 255 131 131 131 65 65 65 188 188 188 77 77 77 93 93 93 123 123 123 50 50 50 142 142 142 86 86 86 123 123 123 59 59 59 141 141 141 126 126 126 149 149 149 255 255 255
255 255 255 189 189 189 129 129 129 224 224 224 77 77 77 131 131 131 74 74 74 170 170 170 68 68 68 128 128 128 31 31 31 110 110 110 89 89 89 187 187 187 226 226 226 255 255 255
255 255 255 193 193 193 63 63 63 126 126 126 71 71 71 30 30 30 137 137 137 112 112 112 67 67 67 184 184 184 67 67 67 127 127 127 113 113 113 210 210 210 147 147 147 255 255 255
255 255 255 220 220 220 126 126 126 119 119 119 184 184 184 70 70 70 86 86 86 136 136 136 129 129 129 160 160 160 54 54 54 175 175 175 131 131 131 134 134 134 156 156 156 255 255 255
255 255 255 150 150 150 107 107 107 93 93 93 106 106 106 145 145 145 104 104 104 129 129 129 79 79 79 187 187 187 91 91 91 131 131 131 169 169 169 134 134 134 137 137 137 255 255 255
255 255 255 121 121 121 41 41 41 156 156 156 40 40 40 149 149 149 130 130 130 124 124 124 148 148 148 155 155 155 192 192 192 130 130 130 137 137 137 89 89 89 137 137 137 255 255 255
255 255 255 237 237 237 169 169 169 160 160 160 160 160 160 139 139 139 199 199 199 223 223 223 198 198 198 223 223 223 170 170 170 158 158 158 134 134 134 134 134 134 134 134 134 255 255 255
255 255 255 255 255 255 255 255 255 255 255 255 255 255 255 255 255 255 255 255 255 255 255 255 255 255 255 255 255 255 255 255 255 255 255 255 255 255 255 255 255 255 255 255 255 255 255 255
255 255 255 255 255 255 255 255 255 255 255 255 255 255 255 255 255 255 255 255 255 255 255 255 255 255 255 255 255 255 255 255 255 255 255 255 255 255 255 255 255 255 255 255 255 255 255 255
255 255 255 237 237 237 121 121 121 150 150 150 220 220 220 193 193 193 189 189 189 131 131 131 147 147 147 109 109 109 67 67 67 155 155 155 134 134 134 134 134 134 134 134 134 255 255 255
255 255 255 169 169 169 41 41 41 107 107 107 126 126 126 63 63 63 129 129 129 65 65 65 217 217 217 159 159 159 105 105 105 127 127 127 137 137 137 90 90 90 137 137 137 255 255 255
255 255 255 160 160 160 156 156 156 93 93 93 119 119 119 126 126 126 224 224 224 188 188 188 103 103 103 112 112 112 109 109 109 130 130 130 169 169 169 135 135 135 137 137 137 255 255 255
255 255 255 160 160 160 40 40 40 106 106 106 184 184 184 71 71 71 77 77 77 77 77 77 164 164 164 147 147 147 135 135 135 175 175 175 127 127 127 129 129 129 156 156 156 255 255 255
255 255 255 139 139 139 149 149 149 145 145 145 70 70 70 30 30 30 131 131 131 93 93 93 100 100 100 134 134 134 132 132 132 124 124 124 139 139 139 146 146 146 137 137 137 255 255 255
255 255 255 199 199 199 130 130 130 104 104 104 86 86 86 137 137 137 74 74 74 123 123 123 130 130 130 126 126 126 103 103 103 114 114 114 185 185 185 121 121 121 122 122 122 255 255 255
255 255 255 223 223 223 124 124 124 129 129 129 136 136 136 112 112 112 170 170 170 50 50 50 149 149 149 114 114 114 169 169 169 147 147 147 98 98 98 63 63 63 204 204 204 255 255 255
255 255 255 198 198 198 148 148 148 79 79 79 129 129 129 67 67 67 68 68 68 142 142 142 92 92 92 97 97 97 42 42 42 124 124 124 155 155 155 139 139 139 238 238 238 255 255 255
255 255 255 223 223 223 155 155 155 187 187 187 160 160 160 184 184 184 128 128 128 86 86 86 86 86 86 151 151 151 14 14 14 119 119 119 116 116 116 151 151 151 185 185 185 255 255 255
255 255 255 170 170 170 192 192 192 91 91 91 54 54 54 67 67 67 31 31 31 123 123 123 94 94 94 154 154 154 15 15 15 132 132 132 99 99 99 21 21 21 119 119 119 255 255 255
255 255 255 158 158 158 130 130 130 131 131 131 175 175 175 127 127 127 110 110 110 59 59 59 153 153 153 182 182 182 176 176 176 175 175 175 130 130 130 127 127 127 154 154 154 255 255 255
255 255 255 134 134 134 137 137 137 169 169 169 131 131 131 113 113 113 89 89 89 141 141 141 172 172 172 124 124 124 173 173 173 130 130 130 169 169 169 135 135 135 137 137 137 255 255 255
255 255 255 134 134 134 89 89 89 134 134 134 134 134 134 210 210 210 187 187 187 126 126 126 101 101 101 178 178 178 71 71 71 130 130 130 134 134 134 85 85 85 137 137 137 255 255 255
255 255 255 134 134 134 137 137 137 137 137 137 156 156 156 147 147 147 226 226 226 149 149 149 204 204 204 173 173 173 183 183 183 157 157 157 137 137 137 137 137 137 134 134 134 255 255 255
255 255 255 255 255 255 255 255 255 255 255 255 255 255 255 255 255 255 255 255 255 255 255 255 255 255 255 255 255 255 255 255 255 255 255 255 255 255 255 255 255 255 255 255 255 255 255 255
255 255 255 255 255 255 255 255 255 255 255 255 255 255 255 255 255 255 255 255 255 255 255 255 255 255 255 255 255 255 255 255 255 255 255 255 255 255 255 255 255 255 255 255 255 255 255 255
255 255 255 134 134 134 134 134 134 134 134 134 158 158 158 170 170 170 223 223 223 198 198 198 223 223 223 199 199 199 139 139 139 160 160 160 160 160 160 169 169 169 237 237 237 255 255 255
255 255 255 137 137 137 89 89 89 137 137 137 130 130 130 192 192 192 155 155 155 148 148 148 124 124 124 130 130 130 149 149 149 40 40 40 156 156 156 41 41 41 121 121 121 255 255 255
255 255 255 137 137 137 134 134 134 169 169 169 131 131 131 91 91 91 187 187 187 79 79 79 129 129 129 104 104 104 145 145 145 106 106 106 93 93 93 107 107 107 150 150 150 255 255 255
255 255 255 156 156 156 134 134 134 131 131 131 175 175 175 54 54 54 160 160 160 129 129 129 136 136 136 86 86 86 70 70 70 184 184 184 119 119 119 126 126 126 220 220 220 255 255 255
255 255 255 147 147 147 210 210 210 113 113 113 127 127 127 67 67 67 184 184 184 67 67 67 112 112 112 137 137 137 30 30 30 71 71 71 126 126 126 63 63 63 193 193 193 255 255 255
255 255 255 226 226 226 187 187 187 89 89 89 110 110 110 31 31 31 128 128 128 68 68 68 170 170 170 74 74 74 131 131 131 77 77 77 224 224 224 129 129 129 189 189 189 255 255 255
255 255 255 149 149 149 126 126 126 141 141 141 59 59 59 123 123 123 86 86 86 142 142 142 50 50 50 123 123 123 93 93 93 77 77 77 188 188 188 65 65 65 131 131 131 255 255 255
255 255 255 204 204 204 101 101 101 172 172 172 153 153 153 94 94 94 86 86 86 92 92 92 149 149 149 130 130 130 100 100 100 164 164 164 103 103 103 217 217 217 147 147 147 255 255 255
255 255 255 173 173 173 178 178 178 124 124 124 182 182 182 154 154 154 151 151 151 97 97 97 114 114 114 126 126 126 134 134 134 147 147 147 112 112 112 159 159 159 109 109 109 255 255 255
255 255 255 183 183 183 71 71 71 173 173 173 176 176 176 15 15 15 14 14 14 42 42 42 169 169 169 103 103 103 132 132 132 135 135 135 109 109 109 105 105 105 67 67 67 255 255 255
255 255 255 157 157 157 130 130 130 130 130 130 175 175 175 132 132 132 119 119 119 124 124 124 147 147 147 114 114 114 124 124 124 175 175 175 130 130 130 127 127 127 155 155 155 255 255 255
255 255 255 137 137 137 134 134 134 169 169 169 130 130 130 99 99 99 116 116 116 155 155 155 98 98 98 185 185 185 139 139 139 127 127 127 169 169 169 137 137 137 134 134 134 255 255 255
255 255 255 137 137 137 85 85 85 135 135 135 127 127 127 21 21 21 151 151 151 139 139 139 63 63 63 121 121 121 146 146 146 129 129 129 135 135 135 90 90 90 134 134 134 255 255 255
255 255 255 134 134 134 137 137 137 137 137 137 154 154 154 119 119 119 185 185 185 238 238 238 204 204 204 122 122 122 137 137 137 156 156 156 137 137 137 137 137 137 134 134 134 255 255 255
255 255 255 255 255 255 255 255 255 255 255 255 255 255 255 255 255 255 255 255 255 255 255 255 255 255 255 255 255 255 255 255 255 255 255 255 255 255 255 255 255 255 255 255 255 255 255 255
